300
300
300
300
304
304
304
304
304
304
304
304
304
304
304
304
304
304
304
304
304
304
304
304
304
304
304
304
304
304
308
308
308
308
308
308
312
312
312
312
316
316
316
316
316
316
316
316
316
316
316
320
320
320
320
320
320
320
320
320
320
320
320
320
320
320
320
320
320
320
320
320
320
320
320
320
320
320
320
320
320
320
320
320
320
320
320
320
320
320
320
320
320
320
324
324
324
324
324
324
324
324
324
324
324
324
324
324
324
324
324
324
324
324
324
324
324
324
324
324
324
324
324
324
324
324
324
324
324
324
328
328
328
328
328
328
328
328
328
328
328
328
328
328
328
328
332
332
332
332
332
332
332
332
332
332
332
332
332
332
332
332
332
332
332
332
332
332
332
332
332
332
332
332
332
332
332
332
332
332
332
332
332
332
332
332
332
332
332
332
336
336
336
336
336
336
336
336
336
336
336
336
336
336
336
336
336
336
336
336
336
336
336
336
336
336
336
336
336
336
336
336
336
336
336
336
336
336
336
336
336
336
336
336
336
336
336
336
336
336
336
336
336
336
336
336
336
336
336
336
336
336
336
336
336
336
336
336
340
340
340
340
340
340
340
340
340
340
340
340
340
340
340
340
340
340
340
340
340
340
340
340
340
340
340
340
340
340
340
340
340
340
340
340
340
340
340
340
340
340
340
340
340
340
340
340
340
340
340
340
340
340
340
340
340
340
340
340
340
340
340
340
340
340
340
340
340
340
340
340
340
340
340
340
340
340
340
340
340
340
340
340
340
340
340
340
340
340
340
340
340
340
340
340
340
340
340
340
340
340
340
340
340
340
340
340
340
340
340
340
340
340
340
340
340
340
340
340
340
340
340
340
340
340
340
340
340
340
340
340
340
340
340
340
340
340
340
340
340
340
340
344
344
344
344
344
344
344
344
344
344
344
344
344
344
344
344
344
344
344
344
344
344
344
344
344
344
344
344
344
344
344
344
344
344
344
344
344
344
344
344
344
344
344
344
344
344
344
344
344
344
344
344
344
344
344
344
344
344
344
344
344
344
344
344
344
344
344
344
344
344
344
344
348
348
348
348
348
348
348
348
348
348
348
348
348
348
348
348
348
348
348
348
348
348
348
348
348
348
348
348
348
348
348
348
348
348
348
348
348
348
348
348
348
348
348
348
348
348
348
348
348
348
348
348
348
348
348
348
348
348
348
348
348
348
348
348
348
348
348
348
348
348
348
348
348
348
348
348
348
348
348
348
348
348
348
352
352
352
352
352
352
352
352
352
352
352
352
352
352
352
352
352
352
352
352
352
352
352
352
352
352
352
352
352
352
352
352
352
352
352
352
352
352
352
352
352
352
352
352
352
352
352
352
352
352
352
352
352
352
352
352
352
352
352
352
352
352
352
352
356
356
356
356
356
356
356
356
356
356
356
356
356
356
356
356
356
356
356
356
356
356
356
356
356
356
356
356
356
356
356
356
356
356
356
356
356
356
356
356
356
356
356
356
356
356
356
356
356
356
356
356
356
356
356
356
356
356
356
356
356
356
356
356
356
356
356
356
356
356
356
356
356
356
360
360
360
360
360
360
360
360
360
360
360
360
360
360
360
360
360
360
360
360
360
360
360
360
360
360
360
360
360
360
360
360
360
360
360
360
360
360
360
360
360
360
360
360
360
360
360
360
360
360
360
360
360
360
360
360
360
360
360
360
360
360
360
360
360
360
360
360
360
360
360
360
360
360
360
360
360
360
360
360
360
360
360
364
364
364
364
364
364
364
364
364
364
364
364
364
364
364
364
364
364
364
364
364
364
364
364
364
364
364
364
364
364
364
364
364
364
364
364
364
364
364
364
364
364
364
364
364
364
364
364
364
364
364
364
364
364
364
364
364
364
364
364
364
364
364
364
364
364
364
364
368
368
368
368
368
368
368
368
368
368
368
368
368
368
368
368
368
368
368
368
368
368
368
368
368
368
368
368
368
368
368
368
368
368
368
368
368
368
368
368
368
368
368
368
372
372
372
372
372
372
372
372
372
372
372
372
372
372
372
372
372
372
372
372
372
372
372
372
372
372
372
372
372
376
376
376
376
376
376
376
376
376
376
376
376
376
376
376
376
376
376
376
376
376
376
376
376
376
376
380
380
380
380
380
380
380
380
380
380
380
380
380
384
384
388
388
388
388
388
392
392
392
392
392
392
392
392
392
392
392
396
396
396
396
396
396
400
408
408
3032
4652
4660
4672
4696
4720
4724
4728
4728
4740
4760
4764
4804
4876
5020
5528
