shmid in master is 491523
s_area after shmat(master) is 0x7f50b627f000
468
468
424
448
372
384
420
416
348
400
372
368
368
376
364
388
356
356
328
352
356
344
376
352
368
388
352
404
368
376
384
384
356
368
360
388
368
376
404
396
368
368
348
368
368
348
376
416
368
384
380
376
404
416
400
356
384
340
400
352
404
376
364
4936
512
500
500
392
372
392
352
356
372
372
396
388
352
368
360
344
400
368
396
388
352
368
360
344
400
368
396
388
352
368
396
368
396
368
400
360
360
344
380
368
360
368
368
376
376
368
364
376
380
384
380
352
380
368
376
368
396
368
376
400
388
352
340
4956
512
436
452
392
404
416
404
408
360
404
360
352
368
368
400
372
344
364
376
368
340
368
364
368
364
396
352
368
380
368
380
368
380
356
372
364
364
368
348
368
360
368
356
348
396
368
404
364
332
356
364
416
360
352
400
392
432
396
360
364
404
368
376
4884
496
512
444
340
400
364
384
428
400
364
344
388
356
400
356
352
360
368
360
364
356
356
380
324
328
352
388
368
392
380
352
368
372
368
400
340
364
368
360
368
384
400
356
368
356
368
376
376
368
416
404
368
380
360
384
348
380
380
376
400
408
344
384
4888
456
400
412
400
356
368
344
404
348
392
396
340
368
360
368
368
368
368
368
376
352
404
368
400
332
340
372
360
368
392
400
356
360
392
352
364
400
360
368
368
368
368
368
368
368
368
372
368
352
372
352
360
352
412
384
356
368
376
356
384
400
408
384
4888
416
428
372
384
376
344
376
348
328
388
372
360
392
404
352
388
388
356
360
404
360
368
360
368
364
396
352
368
360
368
376
400
356
420
344
388
368
360
392
376
324
356
344
388
356
408
372
400
368
364
400
332
392
408
356
408
364
376
356
396
412
396
356
5040
416
360
372
368
396
360
364
368
364
368
364
368
364
384
340
368
376
368
372
368
340
368
384
344
412
368
392
396
340
368
384
368
376
368
396
368
356
368
392
368
396
368
392
360
356
376
376
400
400
392
352
388
372
356
372
384
356
360
388
384
356
384
360
4936
400
384
420
404
400
376
364
368
368
368
396
368
364
368
360
368
396
368
392
360
360
368
356
368
392
368
396
368
396
360
376
340
392
400
352
356
360
404
376
364
368
368
392
396
360
368
376
400
400
388
352
388
368
356
372
380
356
380
360
360
360
7380
420
5128
428
408
384
396
400
384
384
396
372
348
348
372
376
352
412
348
396
344
376
368
332
368
324
404
364
388
356
320
356
352
364
360
340
400
364
368
368
368
400
384
356
340
356
368
360
368
364
372
376
352
352
396
376
352
372
352
352
360
400
364
348
348
380
4976
512
456
452
360
368
364
400
400
400
400
356
368
404
368
364
356
376
388
368
368
400
368
380
372
364
348
400
372
400
368
356
368
396
368
396
368
400
336
384
372
340
352
376
368
360
388
368
376
360
372
364
368
344
372
344
404
400
380
344
392
380
376
340
4924
492
420
420
360
400
408
376
368
384
352
396
368
380
356
372
396
384
356
340
356
360
364
336
328
364
396
356
376
376
356
356
404
364
368
368
376
360
364
344
400
396
352
412
408
400
372
384
380
436
348
380
384
372
372
388
348
368
364
376
412
352
344
380
4860
516
448
456
360
372
376
352
380
352
380
392
368
368
368
396
388
352
368
396
368
400
368
396
388
352
368
380
368
400
368
400
384
356
368
380
368
408
368
396
388
352
368
380
368
400
368
376
380
400
376
416
368
372
356
384
352
380
380
356
400
388
352
360
4940
512
420
420
420
368
388
396
372
416
376
364
400
396
324
352
368
392
320
376
356
356
404
368
368
368
368
364
368
368
376
364
368
368
368
396
388
352
368
360
368
396
368
400
368
356
360
372
376
356
348
400
372
376
412
368
356
376
380
344
352
412
396
372
4864
512
444
444
396
372
372
388
384
380
372
396
388
352
368
364
348
396
368
396
384
356
368
360
344
400
368
396
388
352
368
380
368
396
368
400
392
380
368
380
368
364
368
364
368
364
368
392
376
376
392
392
376
376
376
372
412
372
408
400
340
388
372
372
4952
460
420
424
360
372
404
368
348
420
368
396
388
352
368
364
368
396
368
396
388
352
368
360
348
396
368
396
384
356
372
396
368
396
368
400
332
380
376
340
340
356
364
344
380
360
368
368
380
376
384
368
356
388
388
384
380
340
356
360
360
356
348
396
4956
480
372
460
396
368
348
360
348
376
352
396
344
376
372
332
368
324
404
340
388
356
400
360
352
368
368
396
336
384
352
340
364
344
380
352
404
360
356
368
368
396
360
364
368
356
368
396
384
352
368
376
364
376
408
360
408
376
384
360
324
356
3548
392
5052
468
424
388
348
324
392
328
352
380
404
364
368
364
368
368
368
364
356
360
352
356
368
364
364
376
356
400
368
396
356
372
356
356
368
368
344
400
372
376
392
376
368
412
368
380
364
344
388
356
344
388
388
368
368
368
368
392
396
368
344
388
344
396
5004
388
396
396
344
400
376
376
364
324
396
396
368
396
368
392
360
372
368
368
368
392
396
360
368
380
400
356
388
360
368
380
368
372
368
340
364
408
352
340
356
360
352
356
376
384
356
384
408
400
384
380
380
356
356
364
404
360
380
360
400
380
380
396
5000
428
376
380
356
368
368
400
336
360
336
372
352
404
368
400
336
364
368
356
368
396
368
392
360
368
368
380
368
392
368
392
396
360
368
344
400
356
388
360
368
380
368
376
348
340
400
356
404
404
348
376
400
352
348
352
368
356
376
412
384
360
408
376
5252
416
428
412
356
388
368
400
360
360
388
376
404
384
364
356
388
364
360
320
356
388
364
356
380
364
404
360
352
340
356
360
352
376
384
324
352
324
356
332
356
356
404
360
368
364
368
344
368
376
384
352
376
400
356
432
400
368
356
412
364
372
368
396
4964
388
412
392
352
356
380
360
368
344
368
396
340
392
396
328
352
360
368
364
400
376
364
340
368
380
368
396
368
396
332
356
368
364
368
364
368
360
372
360
368
368
368
396
392
360
368
384
400
336
368
408
356
392
368
396
380
360
364
340
360
356
396
352
4940
440
432
380
384
376
372
388
404
368
348
392
404
360
372
356
368
400
368
396
360
364
368
368
368
396
392
360
368
384
388
320
356
356
356
360
368
360
368
360
368
368
368
376
372
344
400
356
400
400
348
380
360
408
376
384
412
368
324
392
396
360
400
396
4968
416
432
392
388
400
376
372
344
412
368
396
368
364
388
360
368
21424
404
372
360
356
368
376
344
396
396
376
380
356
328
372
400
392
368
428
388
368
400
400
356
348
348
372
344
400
356
392
356
416
396
360
376
404
356
396
408
432
324
420
352
404
376
404
6080
480
472
464
364
368
372
348
348
384
364
364
328
356
388
364
368
368
372
396
368
396
380
356
368
368
380
376
376
352
396
392
356
340
388
356
400
356
356
340
372
356
368
396
368
396
340
380
364
356
356
356
376
384
376
384
376
364
388
368
392
380
3672
356
4976
496
420
408
396
384
348
364
356
376
364
364
368
368
368
396
356
352
368
344
400
352
376
360
368
392
368
396
388
352
368
400
368
396
368
396
332
364
368
368
372
376
368
400
380
368
368
372
360
364
372
324
368
400
368
368
364
368
368
368
380
368
356
364
4996
488
424
444
360
372
372
356
376
368
344
412
368
396
388
352
368
396
368
396
368
392
356
372
368
376
368
396
356
376
348
376
344
400
376
376
344
340
400
376
356
388
368
392
360
332
400
388
356
420
368
368
360
360
356
376
412
388
324
380
364
372
384
356
4960
472
472
452
376
396
372
412
348
412
368
392
384
356
384
396
368
396
368
392
356
372
368
412
368
392
356
372
388
368
348
396
376
372
340
340
400
340
388
348
388
328
356
352
376
380
356
356
368
404
380
364
376
376
376
380
360
396
352
348
356
388
372
416
4896
440
484
404
384
380
384
408
364
416
392
364
368
372
404
364
348
392
348
392
356
392
392
364
368
356
392
384
360
356
400
356
368
400
368
400
336
360
336
360
368
380
368
372
368
340
400
356
416
404
356
384
392
404
364
392
404
404
356
404
364
376
376
396
4892
456
420
472
420
368
360
344
376
368
396
364
368
388
360
360
376
360
368
368
368
396
356
352
368
344
400
352
368
360
368
392
348
396
376
372
384
352
364
388
356
360
400
360
368
364
368
368
352
396
388
356
384
360
368
348
420
400
360
404
364
368
368
392
5004
492
424
388
404
396
388
400
376
344
396
396
340
392
368
368
368
368
368
372
376
356
400
368
400
356
368
396
368
348
400
368
396
372
368
368
380
368
400
368
400
360
380
364
372
372
356
368
376
372
348
380
384
356
400
352
372
384
348
376
372
384
356
428
4900
404
436
392
360
364
376
360
364
392
376
364
368
360
344
404
404
396
384
360
344
376
360
376
352
340
384
352
360
360
368
360
368
364
368
364
368
360
376
364
368
364
368
360
368
360
368
344
376
384
424
352
396
364
384
408
420
408
376
364
384
364
408
360
4908
384
412
388
364
400
356
360
368
360
400
356
388
356
368
372
396
352
388
388
356
360
404
380
356
360
368
380
400
356
368
356
368
396
368
396
332
356
396
356
368
392
368
396
356
360
372
368
400
396
368
348
384
360
412
400
368
348
384
384
372
328
3244
380
5004
392
380
388
344
404
404
388
368
356
408
376
388
360
424
356
356
364
368
356
364
340
364
360
352
324
352
324
356
392
352
404
360
372
360
356
400
356
400
368
344
412
368
384
368
356
408
368
368
372
364
344
368
368
368
376
344
392
316
428
344
364
328
392
4992
452
404
428
380
400
368
400
368
412
408
364
368
404
400
392
368
400
336
356
392
372
368
340
400
344
388
348
356
356
404
360
368
360
368
380
396
352
368
364
368
360
368
364
364
376
356
404
408
400
348
392
352
404
376
376
412
352
376
384
352
420
408
392
4944
436
412
420
372
388
356
372
396
372
368
344
388
352
404
360
380
376
364
376
368
340
364
340
344
344
356
352
380
320
356
344
356
356
328
356
352
364
384
356
356
384
368
396
384
328
356
368
408
404
324
360
376
356
380
356
368
384
376
376
380
404
408
396
4904
420
404
400
400
396
368
396
348
400
376
376
384
352
348
356
384
352
388
368
392
392
312
344
356
340
352
352
420
380
360
352
368
360
368
360
368
380
396
352
368
356
368
396
368
396
356
360
368
368
356
384
360
392
368
412
412
396
364
372
344
392
328
372
4936
416
420
392
356
400
364
360
392
356
368
400
368
396
384
376
368
412
368
400
368
356
368
396
368
396
368
392
360
376
400
324
356
360
400
360
352
368
368
400
336
356
368
356
368
396
368
380
380
364
376
372
380
380
392
376
352
352
380
356
400
388
352
364
4908
408
412
408
364
352
368
364
368
364
368
364
384
372
364
356
368
364
380
356
356
356
368
360
368
360
368
380
396
352
392
360
368
360
368
360
368
360
368
360
368
400
368
396
360
356
376
368
412
372
372
352
360
360
392
388
368
408
396
368
376
404
376
364
4908
420
408
384
368
356
380
376
364
376
404
364
368
364
368
360
368
364
376
376
356
400
368
392
360
340
368
376
400
356
428
340
392
372
360
392
400
352
412
360
400
360
352
368
368
400
336
360
372
368
348
372
396
352
368
384
392
356
356
376
348
384
384
372
5052
392
412
404
356
352
360
352
368
376
400
356
388
324
388
332
356
380
404
364
368
360
368
360
368
364
364
360
368
344
396
352
368
356
368
396
368
356
380
340
368
368
364
388
352
356
352
404
412
400
352
388
344
356
356
364
400
332
364
372
360
404
3408
376
5504
452
424
404
404
360
344
392
392
364
368
400
368
400
368
396
356
332
368
364
360
376
408
356
404
380
392
392
368
340
388
356
400
360
352
368
368
400
336
356
364
364
368
360
352
340
368
360
364
368
408
376
352
368
368
376
360
396
392
360
396
348
324
388
4952
420
376
384
368
368
380
396
368
368
368
396
368
364
388
360
368
396
368
392
384
356
368
356
368
396
368
392
332
368
368
380
368
396
368
392
388
352
368
388
344
376
368
332
400
392
380
372
376
400
400
348
352
392
388
376
376
396
340
360
396
364
340
356
4948
456
456
444
356
372
336
416
400
420
388
360
368
360
368
384
396
352
392
360
368
360
368
360
368
360
368
360
368
360
368
360
368
384
368
372
364
340
396
352
404
368
348
412
368
396
376
360
392
400
364
384
376
376
352
400
352
380
384
356
400
368
348
392
4892
448
460
396
396
376
408
388
356
376
348
364
368
368
368
392
356
372
344
412
368
396
356
376
344
380
348
396
376
372
384
352
412
352
368
368
396
352
412
396
368
392
368
392
384
352
368
376
412
356
372
352
376
360
396
396
432
368
388
356
404
356
376
368
4976
476
440
456
412
384
344
420
376
412
368
392
356
372
368
376
368
396
356
376
348
376
368
392
368
396
368
392
368
396
356
376
344
380
368
392
356
372
344
380
368
396
356
376
348
376
344
352
384
352
384
400
376
400
352
380
376
352
400
380
368
388
384
360
4932
400
408
372
352
380
368
348
380
372
380
360
352
368
384
396
352
396
348
372
344
344
396
396
340
388
368
348
400
348
380
392
340
372
368
348
380
348
400
344
376
372
360
380
356
364
388
384
400
356
404
368
404
368
412
352
404
384
372
408
400
384
400
396
4944
420
416
352
380
388
368
340
396
352
412
404
368
400
368
396
360
352
368
384
396
352
400
388
356
364
400
364
368
360
368
380
396
352
392
356
368
396
368
396
368
340
364
340
376
344
356
356
400
412
392
352
388
372
356
376
384
356
364
384
384
352
388
360
4880
432
408
380
368
360
368
396
352
364
392
352
404
364
368
380
368
392
356
356
400
404
348
376
388
376
360
392
400
348
356
392
368
388
356
364
384
356
352
360
400
360
368
360
368
384
404
356
388
356
388
328
356
356
404
368
372
368
396
348
376
380
376
360
4908
420
412
392
352
400
376
340
412
400
356
352
404
360
368
360
368
384
396
352
392
356
368
376
348
372
372
344
400
388
368
360
400
372
412
396
368
396
368
392
368
400
368
380
368
392
348
340
400
420
368
428
380
368
368
352
368
356
376
376
412
368
408
384
MIN	MAX	AVG	MEDIAN
312 & 21424 & 460 & 376
