2988
420
424
356
380
436
348
376
400
396
416
392
432
384
404
324
384
424
356
372
352
348
376
404
432
404
428
400
388
348
380
360
348
332
364
344
360
412
356
368
356
372
344
372
364
344
384
372
356
384
408
396
328
368
380
372
392
416
380
408
380
412
388
372
5072
464
436
364
368
384
372
412
408
376
352
368
332
356
416
348
380
324
376
384
432
360
416
400
380
372
380
364
384
344
376
368
372
360
372
368
356
376
376
380
380
360
400
328
368
324
376
328
364
364
396
384
376
348
380
372
384
400
352
364
360
400
384
368
4920
452
400
376
364
416
412
388
376
436
368
384
400
344
416
384
396
356
428
360
396
384
380
364
380
364
396
368
356
364
376
372
348
380
360
364
376
364
376
372
348
380
364
372
348
396
368
400
420
372
368
380
344
368
364
368
380
384
376
380
396
432
404
360
4996
444
384
344
400
360
376
408
384
368
396
348
416
344
392
348
376
344
380
344
380
372
384
360
432
384
408
400
380
368
380
372
380
324
396
380
416
344
400
388
360
340
412
376
384
364
348
384
348
340
364
360
364
368
380
376
380
376
380
388
380
412
388
376
5028
444
400
344
368
404
404
340
356
412
348
376
428
396
420
368
356
360
356
412
364
368
380
384
376
360
388
396
384
396
388
376
308
380
416
372
356
412
344
380
364
360
400
328
368
360
348
384
348
340
364
360
364
368
380
388
380
408
380
376
384
408
404
384
5008
472
440
380
368
404
360
376
432
348
384
348
392
344
384
344
380
348
376
348
376
344
380
372
376
384
380
348
388
376
364
368
352
376
340
372
360
348
384
352
364
380
392
396
384
356
348
436
416
380
384
372
364
396
400
328
340
404
332
408
336
404
416
368
4988
464
444
408
424
404
376
380
376
408
384
368
384
412
364
388
360
364
412
372
380
380
428
404
380
344
380
400
368
356
396
396
376
372
392
368
364
372
412
372
376
384
380
356
436
380
380
404
416
372
376
348
376
344
380
344
380
368
372
388
376
380
392
344
5004
436
416
388
384
348
412
352
428
400
396
372
360
424
388
360
332
396
348
344
364
360
360
408
368
360
380
372
344
400
332
352
400
352
364
380
360
360
416
344
376
384
420
348
392
424
404
372
368
380
368
340
364
388
380
364
420
384
416
348
384
392
384
372
5224
432
408
432
400
348
368
368
408
364
400
364
368
376
360
380
360
396
348
364
356
360
432
364
384
372
364
392
372
384
400
360
364
348
432
360
376
364
384
372
376
428
376
376
360
372
372
416
408
400
380
380
368
368
408
368
412
368
376
368
372
400
408
392
5068
432
364
400
356
344
412
352
332
360
352
400
356
396
384
332
408
416
364
344
420
344
404
360
352
376
344
376
364
368
380
372
352
376
384
360
396
396
376
428
384
364
348
348
356
360
404
380
360
368
392
432
364
396
368
344
380
368
348
384
380
400
408
400
5016
452
412
352
404
368
372
372
364
416
364
368
388
348
372
348
400
360
348
348
356
368
368
364
360
364
420
340
380
348
400
372
388
392
368
364
348
340
356
344
364
380
380
380
364
380
432
332
436
372
380
344
376
388
396
344
372
328
360
360
372
400
404
392
4976
452
408
360
384
384
404
340
396
368
376
348
416
348
384
344
388
344
380
344
380
348
376
348
376
368
388
380
376
428
380
368
352
344
380
352
364
416
308
380
380
368
352
344
384
368
420
388
420
392
360
408
428
404
396
384
380
392
404
344
380
404
392
396
5100
464
396
336
368
404
364
400
420
384
372
384
412
356
436
388
400
352
360
360
376
364
384
400
388
356
384
376
344
340
388
416
348
360
400
360
344
348
436
364
384
372
364
392
372
384
400
352
372
376
348
368
360
384
368
388
368
340
372
428
384
388
380
376
5060
452
456
368
400
388
372
388
368
352
412
332
384
400
416
384
436
408
376
372
380
364
352
368
352
356
364
408
356
376
384
360
360
360
348
348
380
388
396
360
356
364
364
372
368
400
368
364
400
344
388
364
360
348
348
384
360
396
364
392
360
404
380
340
5076
436
416
372
340
384
416
376
408
432
380
380
384
368
380
380
380
328
412
396
384
364
368
336
356
380
364
384
416
380
440
328
404
400
344
400
380
368
352
344
384
364
396
344
368
376
368
356
408
408
412
388
380
368
404
372
356
384
372
332
400
416
400
404
4956
424
384
384
408
348
368
368
372
376
408
396
380
380
372
360
356
348
356
364
376
372
356
372
348
408
376
376
384
360
404
372
356
424
368
376
364
380
396
364
