3009
381
402
438
390
360
372
354
342
345
339
312
369
363
378
327
339
354
321
360
378
360
333
330
366
369
351
327
369
366
357
333
342
345
363
342
315
312
354
324
348
339
351
318
360
333
342
345
363
351
360
348
342
354
342
288
351
327
345
312
333
336
357
297
5202
396
363
393
396
369
372
381
354
348
384
303
357
312
360
363
378
342
339
345
345
315
369
351
378
336
381
363
375
384
354
291
360
336
360
333
339
309
309
363
345
363
375
357
333
351
348
339
348
369
339
342
366
360
303
330
315
291
354
354
315
333
327
333
4563
369
387
393
369
369
405
333
342
372
333
354
360
351
360
366
336
351
354
357
348
318
384
345
336
357
339
348
360
333
327
363
369
354
318
372
321
291
354
336
333
336
360
312
306
345
354
315
339
342
372
291
360
351
342
327
306
327
333
339
285
336
342
345
4341
366
366
369
399
393
366
381
369
354
345
339
342
342
369
324
330
333
315
354
342
360
318
309
348
360
324
324
342
309
378
327
339
309
354
363
378
318
360
306
366
378
375
339
360
360
366
333
333
291
360
330
363
372
342
327
348
321
339
306
348
318
333
318
4425
375
375
351
333
369
324
351
333
360
378
330
342
348
372
360
342
375
363
339
366
345
354
291
345
351
372
288
351
291
339
372
363
360
339
333
366
324
342
333
387
324
342
342
336
342
360
348
354
357
333
363
309
291
339
315
330
327
378
339
318
366
309
339
4245
339
324
342
336
381
321
366
330
345
351
339
369
327
312
330
312
324
327
351
330
318
360
321
357
369
357
303
357
327
303
345
357
315
330
354
336
357
318
342
318
315
315
348
339
345
372
351
321
339
357
315
360
342
366
375
333
345
327
357
351
339
309
363
4371
351
339
366
303
342
360
339
306
342
342
345
321
321
348
330
333
351
363
357
345
309
327
351
345
369
345
306
360
375
330
333
324
312
357
327
339
294
324
345
342
297
345
360
285
366
282
327
342
342
318
321
324
375
336
348
351
291
345
345
333
339
339
333
4413
378
336
351
354
351
369
348
330
375
339
348
360
327
327
330
336
309
333
378
330
312
333
309
360
360
360
345
357
324
333
333
363
294
357
327
330
300
378
351
363
375
360
354
375
327
333
336
339
381
342
339
360
333
372
309
378
342
354
315
360
348
351
354
4782
384
414
396
405
366
366
375
339
324
360
303
360
327
378
372
339
339
339
375
327
345
336
357
366
324
336
354
312
330
366
360
339
303
336
354
378
333
375
330
357
366
339
315
327
336
330
294
372
348
336
330
360
366
318
327
375
327
381
333
363
321
342
327
4587
387
363
381
396
393
357
372
366
318
363
321
339
360
336
351
318
354
360
288
351
351
360
366
369
336
348
321
348
396
375
321
363
327
351
339
348
381
348
351
339
342
342
363
375
384
375
321
309
345
372
330
360
351
330
327
321
321
360
345
351
330
327
321
4365
345
390
360
393
390
390
372
336
348
369
327
375
339
360
330
309
354
366
354
339
345
372
306
333
351
339
318
372
342
357
360
339
336
336
357
339
297
339
327
354
354
351
306
324
351
333
339
360
318
378
369
378
303
333
354
321
366
381
345
318
315
318
348
4272
402
366
369
384
366
369
354
378
327
348
315
375
327
345
354
360
345
342
348
360
327
336
345
339
363
336
333
324
375
318
348
321
339
333
309
366
291
333
303
306
393
342
354
363
339
348
318
378
354
360
363
378
306
357
333
324
345
339
330
357
345
345
357
4674
381
378
363
357
348
378
378
369
348
348
351
378
348
369
345
357
351
321
303
348
336
348
303
372
315
366
360
351
348
333
342
321
333
357
351
363
363
327
375
357
363
327
342
363
357
357
372
348
363
333
354
345
336
354
324
351
372
333
333
348
324
342
342
4437
357
348
384
357
321
342
366
360
348
309
378
360
339
336
351
315
366
342
342
345
345
357
339
360
315
336
366
336
333
375
375
372
348
318
384
342
297
348
354
333
360
363
300
372
387
339
285
372
345
354
366
360
348
360
339
294
360
333
336
315
351
375
324
4626
393
375
354
351
330
375
378
378
309
378
369
339
363
378
354
360
372
330
366
339
375
357
342
327
369
357
303
342
324
357
360
351
330
342
348
360
369
333
360
372
357
336
351
366
321
351
351
336
330
360
327
372
288
375
324
369
318
375
318
345
321
372
321
4671
387
357
360
363
360
351
363
303
357
348
336
360
321
351
378
354
378
351
348
345
336
318
372
360
357
369
345
357
357
348
321
351
348
378
351
363
321
333
333
